http://id.inel.gov/system/webalizer/hydropower/

Usage Statistics for hydropower.inel.gov

   Summary Period: Last 12 Months
   Generated 01-Nov-2001 00:30 MST
     __________________________________________________________________

                    Usage summary for hydropower.inel.gov

   Summary by Month
   Month Daily Avg Monthly Totals
   Hits Files Pages Visits Sites KBytes Visits Pages Files Hits
   Oct 2001 3535 2260 1888 682 920 546726 2728 7555 9040 14143
   Sep 2001 3478 2693 2261 309 3244 2647332 9280 67856 80818 104362
   Aug 2001 2984 2036 2116 447 2949 2077514 13868 65605 63125 92524
   Jul 2001 2682 1641 1872 432 2742 1871789 13399 58054 50888 83146
   Jun 2001 3350 2941 2367 443 3378 3009661 13296 71023 88250 100519
   May 2001 2578 2110 1466 313 3191 2312056 9705 45461 65436 79926
   Apr 2001 933 776 559 142 1462 1310120 4264 16781 23309 27995
   Mar 2001 2117 1851 1523 656 2576 2409061 20339 47241 57383 65653
   Feb 2001 2194 1909 1701 622 2057 2026756 17441 47641 53475 61455
   Jan 2001 1643 1397 1307 489 1762 1260507 15162 40535 43325 50960
   Dec 2000 1361 1194 1121 386 1156 1525813 11995 34772 37027 42221
   Nov 2000 1649 1525 1398 523 1152 1610609 15702 41951 45756 49484
   Totals 22607944 147179 544475 617832 772388
     __________________________________________________________________

   Generated by Webalizer Version 1.30
