http://aipl.arsusda.gov/dynamic/elite/EAYbody.htm


               USDA - Elite Ayrshire Cows Listed by USDA-AIPL
   November 2001
   * = ID was changed after the second test following the cows entry into
   the herd
            @ = Dam was predominantly owner-sampler type of test

     Milk and Fat
   Identification   Last Lactation   PTA (A00) Protein Net Merit
   Cow   Sire Birth
   Mo-Yr Herd Code Mo-Yr Term
   Code DIM No.
   Rec Milk
   Lbs Fat
   % Fat
   Lbs REL Milk % Fat No.
   Rec Pro
   % Pro
   Lbs PTA
   % (A00)
   Pro REL NM$ FM$ CM$
   1015616   145694 8-96 11-12-0101 3-00   305 2 22065 4.0 884 46 +1555
   +.00 +61 2 3.2 696 -.03 +44 43 +387 +407 +387
   1011855   145265 9-95 11-13-0152 9-00   305 3 19759 4.4 861 52 +896
   +.11 +53 3 3.1 609 -.04 +22 49 +313 +347 +307
   1000594   143942 8-94 12-13-0147 12-00   287 5 22184 3.4 747 64 +953
   -.07 +24 5 3.1 696 +.03 +35 58 +337 +295 +351
   1011795   144136 10-95 12-13-0147 10-00   305 3 20725 3.7 758 60 +978
   +.00 +38 3 2.9 604 -.02 +26 56 +304 +328 +301
   100008340   145265 9-97 12-13-0147 9-01 R 9 2 21886 3.8 835 55 +1183
   +.01 +48 2 3.2 694 +.00 +36 51 +416 +415 +421
   100026173   145265 11-97 12-13-0147 9-00   305 1 21778 4.1 887 48 +1336
   -.06 +41 1 3.0 643 -.09 +25 45 +335 +440 +314
   100075083   145304 12-98 12-13-0147 8-01 R 49 1 22838 4.0 914 41 +1105
   -.07 +31 1 3.6 833 +.03 +40 37 +313 +268 +328
   100043222   145860 3-98 12-13-0371 12-00 R 279 1 18357 4.0 743 46 +1054
   -.01 +39 1 3.1 563 +.00 +33 42 +331 +323 +336
   988360   142918 9-92 13-01-0212 12-00   305 5 22553 3.6 802 68 +974
   +.01 +40 5 3.0 672 -.03 +25 63 +303 +333 +299
   998982   144929 4-94 13-01-0212 7-01 R 100 5 21952 3.6 791 59 +894 -.11
   +15 5 3.1 690 +.01 +29 55 +307 +293 +313
   1013763   145265 2-96 13-01-0212 10-00   305 3 27201 3.3 885 56 +1642
   -.13 +40 3 2.8 771 -.09 +34 53 +358 +465 +337
   1015185   145038 5-96 13-01-0212 6-00   305 3 26650 3.3 883 57 +1247
   -.13 +24 3 3.1 813 -.03 +34 53 +322 +347 +320
   1016394   CAN800054 9-96 13-01-0212 12-00 R 295 2 24294 4.2 1011 55
   +973 +.05 +46 2 3.0 724 -.05 +22 50 +304 +355 +295
   1020252   CAN800054 4-97 13-01-0212 5-00   305 2 24428 4.1 991 55 +835
   +.08 +46 2 3.1 753 +.00 +26 50 +335 +329 +339
   1020255   145622 4-97 13-01-0212 8-00   305 2 27591 3.5 974 53 +1543
   -.06 +48 2 3.0 814 -.04 +41 49 +391 +429 +387
   100002027   145860 12-97 13-01-0212 3-01 R 223 2 27818 4.1 1132 53
   +1467 +.01 +58 2 3.2 881 -.02 +41 48 +433 +456 +432
   100009994   145622 10-97 13-01-0212 3-01 R 198 2 27080 3.6 987 52 +1253
   -.09 +32 2 2.9 775 -.07 +26 48 +308 +389 +292
   100061608   145265 11-98 13-01-0212 1-01 2 191 1 28815 3.7 1056 50
   +1193 -.08 +31 1 3.1 890 -.05 +28 47 +328 +383 +318
   100089002   145402 1-99 13-01-0212 6-01 R 121 1 25815 3.5 913 44 +896
   -.06 +24 1 3.2 823 +.01 +30 40 +311 +291 +319
   1015175   145170 10-95 13-09-0427 6-01 R 122 4 21913 4.0 871 58 +937
   +.01 +37 4 3.0 664 -.03 +24 54 +305 +334 +300

     Milk and Fat
   Identification   Last Lactation   PTA (A00) Protein Net Merit
   Cow   Sire Birth
   Mo-Yr Herd Code Mo-Yr Term
   Code DIM No.
   Rec Milk
   Lbs Fat
   % Fat
   Lbs REL Milk % Fat No.
   Rec Pro
   % Pro
   Lbs PTA
   % (A00)
   Pro REL NM$ FM$ CM$

   100049509   145038 7-97 13-09-0427 7-00   305 2 23894 3.9 923 55 +1194
   +.01 +49 2 3.0 724 -.02 +33 51 +356 +377 +354
   100049518   145860 9-97 13-12-0424 10-99 2 219 1 23639 3.8 888 46 +1460
   -.03 +50 1 2.9 679 -.02 +41 42 +348 +369 +347
   1016343   143380 8-95 16-16-0212 5-00   305 4 22276 4.0 890 59 +950
   +.07 +48 4 3.1 697 +.01 +31 55 +305 +289 +311
   1021240   145860 8-97 16-16-0212 7-01 R 16 2 18835 4.4 833 51 +640 +.12
   +45 2 3.5 656 +.07 +32 47 +334 +248 +357
   100054752   145072 7-98 16-16-0212 7-00   305 1 21391 3.9 844 46 +1119
   -.03 +38 1 3.2 686 -.04 +29 43 +315 +348 +311
   1003730   145265 10-94 21-09-0402 4-01 R 163 4 22703 3.7 835 54 +1099
   -.01 +40 4 3.1 703 -.03 +29 51 +336 +364 +332
   1020535   144136 6-97 21-09-0402 3-01 R 189 2 24716 3.5 860 53 +1396
   -.03 +48 2 2.9 712 -.05 +34 50 +352 +408 +343
   1014540   144136 3-96 21-26-0866 8-99 2 249 2 22548 4.3 980 51 +853
   +.08 +47 2 3.4 767 +.08 +40 48 +305 +208 +332
   1021497   144136 8-97 21-43-0287 10-00   305 2 26369 3.6 954 52 +1556
   -.04 +53 2 3.1 810 -.01 +46 49 +410 +417 +414
   100112313   CAN789363 3-99 21-43-0287 3-01 R 170 1 27696 3.9 1082 43
   +1343 +.01 +53 1 2.9 807 -.03 +37 39 +397 +421 +395
   998453   143380 1-94 21-52-0644 7-01 R 86 5 22167 3.9 862 60 +926 +.02
   +40 5 3.2 715 +.07 +41 55 +306 +217 +330
   1012665   145506 10-95 21-55-0828 8-01 R 42 4 20422 3.7 752 57 +827
   -.02 +28 4 3.1 640 +.02 +28 52 +305 +285 +313
   1019100   143706 3-97 23-15-0033 6-01 R 74 3 28519 3.9 1119 55 +1415
   +.01 +56 3 3.2 910 +.03 +49 52 +526 +483 +540
   100030400   145038 11-97 23-15-0033 1-01 R 224 2 25855 4.0 1046 53
   +1259 -.01 +46 2 2.9 753 -.05 +31 49 +347 +395 +339
   100112434   144136 10-98 23-15-0033 4-01 R 161 1 25187 4.1 1024 45
   +1039 +.04 +47 1 3.2 799 +.04 +39 43 +304 +252 +319
   1012345   144136 9-95 23-15-0775 9-01 R 19 3 21675 3.9 840 57 +1097
   +.03 +48 3 3.2 688 +.04 +41 53 +370 +316 +386
   1019961   145265 6-97 23-15-0775 2-00   305 1 20166 3.8 765 48 +1192
   +.00 +46 1 2.9
