http://www-e835.fnal.gov/~joffe/lumtable.txt

   Luminosities listed by run number (for 2000 run) First Column - Run
   Number Second Column - Beam Energy (Ecm) Third Column - Integrated
   Luminosity (nb-1) Fourth Column - Instantaneous Luminosity (E+31) Stack
   1 - Psi' 5006 3687.531 15.2 0.357 5009 3687.707 37.2 0.477 5012
   3687.470 44.4 0.665 5013 3687.366 42.2 0.635 5015 3687.173 37.2 0.830
   5016 3687.166 45.1 0.688 5019 3686.860 80.8 0.608 5022 3686.545 41.579
   0.496 5023 3686.537 37.153 0.627 5025 3686.081 98.559 0.744 5027
   3685.660 15.881 0.813 5028 3685.678 45.368 0.525 5029 3685.720 43.441
   0.558 5031 3685.490 80.993 0.808 5036 3685.199 21.221 0.671 5038
   3685.208 61.427 0.530 Stack 2 - Psi' Peak 5074 3686.245 1.745 1.08 5076
   3686.070 36.703 1.01 5077 3685.976 142.046 1.03 5078 3685.992 117.778
   0.981 5079 3685.991 142.889 1.06 5080 3685.972 141.022 1.10 5081
   3685.975 144.824 1.06 5083 3685.980 141.704 1.01 5084 3685.956 141.203
   1.09 5089 3685.949 0.389 1.10 5090 3685.942 8.742 1.08 5091 3685.936
   7.483 1.03 5092 3685.941 7.658 1.07 Stack 3 - Chi 2 5104 3558.677
   144.391 1.18 5107 3557.185 205.544 1.20 5109 3555.696 266.979 1.16 5111
   3554.169 225.370 1.23 5115 3534.991 132.673 1.13 5116 3535.079 1.206
   0.553 5117 3534.977 78.275 0.987 Stack 4 - Chi 1 5119 3511.755 13.094
   1.18 5120 3511.688 184.903 1.06 5122 3511.286 200.942 1.05 5124
   3510.931 190.758 0.700 5126 3510.457 199.447 0.954 5128 3510.045
   235.284 1.13 5130 3509.632 247.699 0.717 5131 3509.646 71.290 0.510
   Stack 5 - Psi' 5235 3688.488 78.159 1.79 5236 3688.554 72.235 1.65 5237
   3688.563 64.117 1.66 5239 3686.727 88.369 2.07 5243 3686.537 14.588
   1.04 5254 3686.509 90.322 1.33 5258 3685.468 135.250 0.967 Stack 6 -
   Psi' 5407 3686.054 66.861 1.13 5409 3686.054 16.428 0.403 5411 3686.054
   28.616 0.382 5413 3686.054 16.189 0.363 5414 3686.054 6.244 0.329 5415
   3686.054 3.365 0.329 5416 3686.054 0.227 0.360 5417 3686.054 14.694
   0.321 5418 3686.054 4.351 0.279 5421 3686.054 4.290 0.243 5422 3686.054
   2.486 0.295 5423 3686.054 0.561 0.282 5424 3686.054 1.137 0.311 5425
   3686.054 1.224 0.288 5427 3686.054 2.407 0.498 5428 3686.054 5.877
   0.792 5431 3686.054 8.087 0.171 5432 3686.054 25.017 0.148 Stack 7 -
   Chi 0 5438 3418.0 27.345 2.02 5440 3418.0 260.188 1.84 5441 3418.0
   233.379 2.32 5442 3418.0 85.126 2.17 5443 3418.0 252.404 1.81 5444
   3418.0 240.953 1.94 5445 3418.0 257.320 1.52 5453 3418.0 109.226 0.951
   Stack 8 - Chi 0 5455 3470.0 259.411 2.15 5456 3470.0 276.395 2.07 5457
   3470.0 278.168 2.17 5458 3470.0 270.585 2.28 5459 3470.0 273.794 2.24
   5460 3470.0 292.296 2.03 5461 3470.0 308.493 1.79 5462 3470.0 280.482
   2.28 5463 3470.0 272.993 2.31 Stack 9 - Chi 0 5466 3415.0 175.708 2.26
   5467 3415.0 154.440 2.25 5468 3415.0 157.552 2.25 5469 3415.0 158.677
   2.24 5470 3415.0 151.989 2.22 5472 3415.0 235.009 2.43 5473 3415.0
   247.110 2.39 5474 3415.0 243.570 2.59 5475 3415.0 246.596 2.30 5476
   3415.0 247.386 2.31 5477 3415.0 255.098 2.11 5478 3415.0 78.944 1.88
   Stack 10 - Chi 0 5491 3385 183.346 2.18 5492 3385 221.988 2.61 5493
   3385 220.284 2.66 5494 3385 217.169 2.73 5495 3385 230.993 2.56 5496
   3385 218.810 2.70 5497 3385 235.308 2.40 5498 3385 103.111 1.97 Stack
   11 - Chi 0 5501 3426 243.450 2.74 5502 3426 258.601 2.34 5503 3426
   275.159 2.42 5504 3426 266.792 2.49 5505 3426 19.551 2.66 5506 3426
   205.549 2.65 5507 3426 270.917 2.61 5508 3426 279.628 2.23 Stack 12 -
   Chi 0 5510 3411 243.339 2.66 5511 3411 269.541 2.36 5512 3411 278.026
   2.35 5513 3411 281.231 2.26 5514 3411 13.376 2.50 5515 3411 2.913 2.45
   5516 3411 282.016 2.48 5517 3411 242.473 2.61 5520 3405 76.347 2.55
   Stack 13 - Chi 0 5524 3416 302.443 2.53 5525 3416 72.619 2.52 5526 3416
   1.066 2.39 5527 3416 257.162 2.57 5528 3416 64.903 2.64 5530 3416
   282.833 2.57 5531 3416 279.313 2.62 5532 3416 269.128 2.55 5533 3416
   269.455 2.67 5534 3416 263.553 2.76 5535 3416 263.265 2.74 5536 3416
   260.802 2.84 5537 3416 214.392 2.76 Stack 14 - Psi' / Chi 0 Psi' 5571
   3686 194.855 2.83 5572 3686 308.411 2.97 5573 3686 302.009 3.08 5574
   3686 186.602 3.14 Chi 0 5579 3406 260.551 2.70 5580 3406 272.737 2.48
   5581 3406 106.803 2.42 5583 3406 189.742 2.37 5584 3406 272.537 2.35
   5585 3406 277.353 2.43 5586 3406 280.263 2.57 5587 3406 297.066 2.55
   5588 3406 306.902 2.34 5589 3406 324.148 2.05 5590 3406 92.395 1.95
   Stack 15 - 1P1 5598 3526 35.914 2.69 5599 3526 300.285 3.05 5600 3526
   268.058 3.16 5601 3526 283.459 2.87 5602 3526 284.364 2.85 5603 3526
   286.946 2.85 5604 3526 289.953 2.78 5605 3526 302.964 2.57 5606 3526
   298.860 2.70 5607 3526 141.824 2.69 5608 3526 313.116 2.92 5609 3526
   296.365 2.78 5610 3526 306.472 2.61 5611 3526 301.801 2.53 Stack 16 -
   1P1 5614 3525.7 21.225 3.21 5615 3525.7 13.993 3.11 5616 3525.7 297.549
   2.99 5617 3525.7 307.730 2.83 5618 3525.7 306.871 2.67 5619 3525.7
   330.142 2.54 5620 3525.7 65.970 2.61 5626 3525.7 298.229 2.99 5627
   3525.7 299.339 2.99 5628 3525.7 296.150 3.03 5629 3525.7 306.327 2.78
   5630 3525.7 320.095 2.54 5631 3525.7 326.447 2.38 5632 3525.7 161.119
   2.07 Stack 17 - 1P1 5634 3526.5 35.413 3.06 5636 3526.5 385.602 3.32
   5637 3526.5 308.012 3.27 5638 3526.5 404.026 3.00 5639 3526.5 33.143
   2.86 5641 3526.5 314.371 2.63 5642 3526.5 321.037 2.68 5643 3526.5
   299.403 2.68 5644 3526.5 296.052 2.78 5645 3526.5 291.860 2.96 5646
   3526.5 287.626 3.14 5647 3526.5 296.726 2.93 5648 3526.5 315.988 2.56
   5649 3526.5 151.366 2.39 Stack 18 - 1P1 5651 3525.95 272.891 2.96 5652
   3525.95 300.750 2.69 5653 3525.95 281.016 2.85 5654 3525.95 54.889 2.73
   5671 3525.95 306.924 2.54 5672 3525.95 297.330 2.49 5673 3525.95
   286.499 2.66 5674 3525.95 288.711 2.56 5675 3525.95 288.952 2.62 5676
   3525.95 287.218 2.77 5677 3525.95 296.036 2.67 5678 3525.95 81.982 2.86
   5682 3525.95 299.197 2.48 5683 3525.95 194.787 2.29 5684 3525.95
   205.188 1.85 Stack 19 - 1P1 5694 3526.8 194.266 2.62 5695 3526.8
   311.802 2.45 5696 3526.8 306.912 2.65 5697 3526.8 314.937 2.57 5698
   3526.8 43.044 2.47 5699 3526.8 221.092 2.49 5700 3526.8 318.633 2.50
   5701 3526.8 282.673 2.89 5702 3526.8 319.150 2.78 5703 3526.8 309.164
   2.76 5704 3526.8 319.431 2.48 5705 3526.8 95.606 2.22 Stack 20 - 1P1
   5708 3525.4 303.997 2.66 5709 3525.4 301.590 2.81 5710 3525.4 300.336
   2.83 5711 3525.4 301.099 2.86 5712 3525.4 299.997 2.92 5713 3525.4
   301.892 2.88 5714 3525.4 307.088 2.76 5715 3525.4 301.831 2.79 5716
   3525.4 303.568 2.89 5717 3525.4 315.089 2.80 5718 3525.4 314.447 2.64
   5719 3525.4 315.078 2.57 5720 3525.4 323.882 2.49 5721 3525.4 315.157
   1.88 Stack 21 - 1P1 5733 3525.1 312.907 2.65 5734 3525.1 312.844 2.73
   5735 3525.1 318.479 2.66 5736 3525.1 311.156 2.78 5737 3525.1 312.333
   2.81 5738 3525.1 319.161 2.81 5739 3525.1 316.670 2.72 5740 3525.1
   382.074 2.72 5741 3525.1 381.800 2.72 5742 3525.1 376.990 2.76 5743
   3525.1 365.224 2.79 Stack 22 - 1P1 5746 3526.2 71.006 2.06 5747 3526.2
   101.041 2.27 5748 3526.2 127.633 2.26 5749 3526.2 388.126 2.43 5750
   3526.2 374.756 2.67 5751 3526.2 368.527 2.64 5752 3526.2 382.706 2.52
   5753 3526.2 418.683 2.05 5754 3526.2 395.398 1.59 Stack 23 - 1P1 5757
   3523.3 330.504 2.33 5758 3523.3 138.352 1.77 5759 3523.3 367.035 1.65
   5760 3523.3 364.222 1.87 5761 3523.3 358.832 1.84 5762 3523.3 361.984
   1.76 5763 3523.3 334.882 2.21 5764 3523.3 329.306 2.48 5765 3523.3
   335.886 2.23 5766 3523.3 137.613 1.99 Stack 24 - 1P1 5770 3526.25
   295.128 2.42 5771 3526.25 215.326 2.11 Stack 25 - 1P1 5779 3526.25
   337.362 2.18 5780 3526.25 340.823 2.10 5781 3526.25 274.502 1.76 Stack
   26 - 1P1 5783 3526.25 330.445 2.33 5784 3526.25 340.952 2.28 5785
   3526.25 337.999 2.26 5786 3526.25 334.054 2.35 5787 3526.25 332.730
   2.65 5788 3526.25 323.800 2.60 5789 3526.25 331.165 2.26 5790 3526.25
   138.319 1.64 Stack 27 - 1P1 5792 3528.9 341.208 2.26 5793 3528.9
   335.398 2.47 5794 3528.9 329.516 2.62 5795 3528.9 193.728 2.44 5799
   3528.9 333.567 2.43 5800 3528.9 238.871 2.31 5801 3528.9 334.064 2.35
   5802 3528.9 360.664 2.00 Stack 28 - 1P1 5811 3528.5 341.179 2.37 5812
   3528.5 326.867 2.63 5813 3528.5 301.623 3.30 5814 3528.5 309.612 2.89
   Stack 29 - Psi' 5818 3686.5 77.810 1.60 5819 3686.5 50.005 1.60 5820
   change 46.551 1.58 5821 3686.25 79.126 1.55 5822 3686.25 40.627 1.56
   5823 change 13.824 1.53 5824 3686.0 78.344 1.56 5825 3686.0 55.503 1.59
   5826 change 18.527 1.55 5827 3685.75 78.796 1.58 5828 3685.75 68.441
   1.54 5829 change 20.426 1.60 5830 3685.5 79.069 1.52 5831 3685.5 48.521
   1.51 5833 3684.5 79.312 1.53 5834 3684.5 78.350 1.63 5837 3684.5 78.679
   1.60 Stack 30 - Psi' 5840 3687.5 124.116 1.89 5842 3686.0 272.134 1.63
   Stack 31 - Chi 0 5845 3384.5 187.175 2.73 5846 3384.5 254.292 2.49 5847
   3384.5 132.979 2.48 5850 3384.5 215.980 2.72 5851 3384.5 233.125 2.47
   5852 3384.5 222.992 2.64 5853 3384.5 233.379 2.47 5854 3384.5 240.831
   2.37 5855 3384.5 243.366 2.36 5856 3384.5 122.535 2.47 5857 3384.5
   237.852 2.45 5858 3384.5 236.726 2.52 5859 3384.5 242.085 2.42 5860
   3384.5 249.220 2.32 5861 3384.5 317.872 1.89 Stack 32 - Chi 0 5872 3422
   268.941 2.52 5873 3422 283.098 2.43 5874 3422 272.945 2.72 5875 3422
   280.648 2.65 5876 3422 286.534 2.52 5877 3422 296.009 2.48 5878 3422
   285.719 2.60 5879 3422 178.431 1.38 5881 3409 301.205 2.11 5882 3409
   310.544 1.96 5883 3409 348.578 1.43 5884 3409 174.127 1.11 Stack 33 -
   Chi 0 5890 3414 32.702 2.87 5891 3414 222.992 3.15 5892 3414 248.972
   2.83 5893 3414 248.676 2.91 5894 3414 251.182 2.86 5895 3414 259.468
   2.85 5896 3414 148.347 2.97 5897 3414 260.464 2.98 5898 3414 263.558
   2.96 5899 3414 267.945 2.89 5900 3414 275.315 2.79 5901 3414 237.933
   2.82 5902 3414 240.913 2.80 Stack 34 - Chi 0 5905 3430 276.022 2.62
   5906 3430 251.806 3.31 5907 3430 270.316 3.09 5908 3430 127.432 3.12
   5909 3430 280.640 2.87 5910 3430 232.008 3.28 5912 3400 281.505 2.60
   5913 3400 291.445 2.53 5914 3400 291.973 2.34 5918 3400 334.681 1.69
   5919 3400 283.173 1.13 Stack 35 - 1P1 7002 3526.2 357.145 2.57 7003
   3526.2 319.663 2.81 7004 3526.2 318.343 2.82 7005 3526.2 320.145 2.55
   7006 3526.2 173.264 2.14 Stack 36 - 1P1 7009 3526.2 299.097 2.95 7010
   3526.2 299.552 3.07 7011 3526.2 300.586 3.13 7014 3526.2 318.148 2.93
   7015 3526.2 353.362 2.44 7016 3526.2 76.738 2.35 Stack 37 - 1P1 7018
   3525.8 336.785 2.32 7019 3525.8 324.688 2.58 7020 3525.8 312.430 2.74
   7021 3525.8 326.191 2.59 7022 3525.8 368.004 1.95 Stack 38 - 1P1 7025
   3525.8 320.121 2.61 7026 3525.8 309.681 2.90 7027 3525.8 332.981 2.66
   7028 3525.8 353.973 2.34 7029 3525.8 321.548 1.87 Stack 39 - 1P1 7031
   3524.7 290.958 2.68 7032 3524.7 295.781 2.92 7033 3524.7 304.512 2.90
   7034 3524.7 306.986 2.89 7035 3524.7 334.075 2.51 7036 3524.7 363.089
   2.05 7037 3524.7 137.571 1.94 Stack 40 - 1P1 7046 3527.0 350.433 2.55
   7047 3527.0 327.935 2.63 7048 3527.0 332.222 2.56 7049 3527.0 212.672
   2.37 Stack 41 - 1P1 7052 3526.2 241.486 2.17 7053 3526.2 3.546 2.30
   7054 3526.2 318.824 2.44 7055 3526.2 302.470 2.61 7056 3526.2 312.625
   2.49 7057 3526.2 345.438 2.03 7058 3526.2 388.059 1.57 7059 3526.2
   38.408 1.30 Stack 42 - Chi 0 7063 3392 214.865 2.93 7064 3392 218.127
   2.88 7065 3392 230.988 2.73 7066 3392 236.546 2.69 7067 3392 256.092
   2.34 7068 3392 274.520 2.03 Stack 43 - Chi 1 7071 3510 281.684 2.93
   7072 3510 295.849 2.94 7073 3510 313.410 2.76 7074 3510 342.449 2.41
   7075 3510 382.170 2.01 7076 3510 258.620 1.61 Stack 44 - Chi 1 Scan
   7079 3511.6 312.196 2.70 7080 3511.6 139.879 2.88 7082 3510.6 323.761
   2.56 7083 3510.6 93.813 2.80 7085 change 110.458 2.66 7086 3511.1
   334.026 2.76 7087 3511.1 106.976 2.74 7088 change 113.033 2.75 7089
   3510.1 310.312 2.85 7090 3510.1 183.078 2.87 7092 3509.6 252.605 2.08
   7094 3509.6 370.720 1.99 7096 3509.6 126.920 1.59 Stack 45 - Above
   DDbar 7098 3809.8 123.427 2.83 7103 3809.8 363.169 3.13 7105 3799.9
   514.771 3.48 7107 3799.9 440.367 3.28 7109 3798.0 512.454 1.84 Stack 46
   - Above DDbar 7114 3769.8 464.717 3.85 7115 3769.8 475.645 3.95 7116
   3769.8 515.874 3.33 7117 3769.8 521.220 2.84 7118 3769.8 199.710 2.20
   Stack 47 - Chi 0 7123 3364.9 238.300 2.43 7124 3364.9 233.100 2.64 7125
   3364.9 35.998 2.55 7126 3364.9 247.194 2.45 7127 3364.9 250.913 2.38
   7128 3364.9 256.734 2.32 7129 3364.9 161.436 2.37 7131 3339.5 213.808
   2.93 7132 3339.5 58.603 2.90 7133 3339.5 234.382 2.71 7134 3339.5
   151.931 2.70 Stack 48 - Above DDbar 7138 3836.0 514.484 3.06 7139
   3836.0 519.181 2.56 Stack 49 - Psi prime 7143 3686.0 430.595 1.82 7144
   3686.0 441.635 1.67 7145 3686.0 436.525 1.77 7146 3686.0 416.747 2.18
   7147 3686.0 417.588 2.14 7148 3686.0 423.352 1.78 Stack 50 - Psi prime
   Note - Luminosity monitor data is not available for this stack.
   Luminosities shown are estimates - see Gabriele's page. 7248 3686.0
   75.0 7250 3686.0 400.0 7251 3686.0 480.0 7252 3686.0 320.0 Stack 51 -
   Psi prime 7254 3686.0 381.949 2.60 7255 3686.0 381.704 2.95 7256 3686.0
   397.948 2.81 7257 3686.0 423.952 2.34 7258 3686.0 440.563 2.39 7259
   3686.0 77.143 2.44 Stack 52 - Above DDbar 7261 4267.0 527.083 2.99 7262
   4267.0 321.457 3.12 Stack 53 - Above DDbar 7265 4267.0 563.092 1.93
   7266 4267.0 416.988 2.46 7267 4267.0 270.754 2.97 Stack 54 - Psi prime
   7269 3704.0 345.172 2.29 7270 3704.0 430.193 2.27 7271 3704.0 377.864
   2.17 7272 pedestal run - change of energy 7273 3686.0 457.841 1.78 7274
   3686.0 462.333 1.63 7275 3686.0 470.254 1.52 7276 3686.0 462.835 1.64
   7277 3686.0 463.163 1.56 7278 3686.0 84.523 1.22 7279 pedestal run -
   change of energy 7280 3666.0 462.150 1.56 7281 3666.0 209.317 1.33 7282
   3666.0 85.679 1.08 7283 3666.0 22.370 0.976
   mailto:dave@telemann.phys.nwu.edu
