http://hn.usatlas.bnl.gov/webalizer/

Usage Statistics for atlassw1.phy.bnl.gov

   Summary Period: Last 12 Months
   Generated 26-Aug-2001 06:47 EDT
     __________________________________________________________________

                   Usage summary for atlassw1.phy.bnl.gov

   Summary by Month
   Month Daily Avg Monthly Totals
   Hits Files Pages Visits Sites KBytes Visits Pages Files Hits
   Aug 2001 4494 3446 2925 244 3562 1569154 6347 76058 89614 116845
   Jul 2001 5064 4212 3489 331 4662 2420554 10264 108161 130584 156986
   Jun 2001 3102 2564 1885 230 389 271092 692 5656 7692 9308
   May 2001 1806 1444 738 172 2412 516373 3973 16983 33225 41543
   Apr 2001 1526 1299 816 200 3456 805060 6002 24500 38989 45802
   Mar 2001 1409 1088 554 126 2450 694549 3928 17184 33734 43681
   Feb 2001 1385 1086 573 124 2119 484380 3473 16044 30428 38786
   Jan 2001 2391 854 1734 119 1935 529274 3716 53758 26495 74121
   Dec 2000 1470 451 1181 64 1189 323476 1985 36627 13988 45577
   Nov 2000 1406 368 1185 58 1262 441287 1757 35579 11064 42201
   Oct 2000 1390 369 1140 44 885 342672 1367 35360 11458 43091
   Sep 2000 1532 232 1417 14 200 174548 436 42523 6986 45971
   Totals 8572419 43940 468433 434257 703912
     __________________________________________________________________

   Generated by Webalizer Version 1.30
