http://endo.sandia.gov/usage/index.html

Usage Statistics for localhost

   Summary Period: Last 12 Months
   Generated 30-Jan-2002 02:02 MST
     __________________________________________________________________

                         Usage summary for localhost

   Summary by Month
   Month Daily Avg Monthly Totals
   Hits Files Pages Visits Sites KBytes Visits Pages Files Hits
   Jan 2002 6401 4516 2141 517 10825 10276390 15538 64242 135489 192040
   Dec 2001 5135 3717 1854 525 9149 9003212 16302 57499 115254 159200
   Nov 2001 5935 4451 2126 638 11521 8875578 19142 63799 133540 178070
   Oct 2001 8362 6382 2453 621 12892 10310293 19255 76055 197849 259229
   Sep 2001 9986 7967 3404 635 13099 10272244 19078 102141 239029 299590
   Aug 2001 10843 8150 3961 648 11887 8712307 20112 122791 252666 336157
   Jul 2001 8933 7158 3756 597 9974 8573391 18533 116447 221901 276941
   Jun 2001 8973 7193 3211 618 10396 9023876 18565 96337 215804 269214
   May 2001 9189 6804 2872 474 10882 8617931 14717 89033 210947 284864
   Apr 2001 7511 5768 1971 503 10486 8570075 15117 59156 173050 225354
   Mar 2001 7889 6152 2488 512 11323 8707081 15891 77136 190729 244584
   Feb 2001 6920 5681 2474 516 10254 8524658 14451 69273 159093 193771
   Totals 109467036 206701 993909 2245351 2919014
     __________________________________________________________________

   Generated by Webalizer Version 2.01
