http://www-e835.fnal.gov/~giorgos/calib.dat

   Stack# Energy point GNA# RUNS ------ -------------- ------
   -------------- 3 chi2 (3556) 2 688 7 689 9 690 10 693 11 694 12 695 4
   chi2 (3557) 17 746 - 747 18 750 19 752 20 753 - 756 21 757 - 758 24 759
   26 760 4 chi2 (3556) 27 761 - 764 28 765 29 768 4 chi2 (3555) 31 769 33
   770 34 771 - 772 4 chi2 (3545) 36 774 - 776 37 777 - 779 38 780 - 781
   39 782 40 783 41 784 5 etac' (3644) 43 801 - 803 44 805 - 812 5 etac'
   (3625) 45 813 47 814 - 815 48 816 - 821 5 J/psi (3097) 50 824 51 825 56
   829 57 830 58 831 6 psi' (3686) 59 836 60 837 - 839 61 840 - 845 6
   etac' (3635) 62 846 63 847 - 848 64 849 - 854 6 etac' (3615) 65 855 -
   862 6 etac' (3604) 67 864 - 865 68 866 - 873 7 psi' (3686) 69 877 - 882
   7 etac' (3630) 70 883 71 884 72 885 73 886 74 887 76 889 77 890 - 896 7
   etac' (3620) 79 897 - 905 80 906 7 J/psi (3097) 81 908 82 909 8 psi'
   (3686) 83 1005 84 1006 85 1009 86 1011 - 1012 87 1013 89 1015 90 1016 -
   1018 8 etac' (3611) 92 1036 - 1043 9 etac' (3600) 94 1065 95 1066 -
   1068 97 1070 - 1074 98 1075 - 1076 99 1077 - 1079 9 chi2 (3556) 100
   1083 101 1085 102 1086 - 1091 9 etac (2988) 103 1093 - 1094 10 etac'
   (3656) 104 1096 - 1097 105 1099 - 1103 10 etac' (3643) 106 1106 - 1109
   11 etac' (3590) 108 1112 109 1113 110 1115 - 1118 11 etac' (3580) 111
   1122 - 1124 12 etac' (3595) 116 1126 117 1127 - 1131 12 etac' (3580)
   118 1132 - 1134 12 etac (2950) 120 1136 - 1137 121 1139 13 etac' (3660)
   123 1180 - 1184 13 etac' (3585) 124 1186 - 1187 125 1188 - 1191 13 etac
   (3025) 126 1193 14 etac' (3652) 127 1199 - 1203 14 etac (3026) 128 1209
   129 1211 130 1214 - 1215 15 etac' (3640) 131 1217 - 1218 132 1219 139
   1227 140 1230 141 1231 - 1232 15 etac' (3608) 144 1237 - 1242 15 1p1
   (3536) 145 1244 - 1245 146 1248 - 1250 147 1252 - 1253 15 etac (2967)
   148 1255 - 1257 16 etac (2987) 151 1271 - 1273 17 psi' (3686) 152 1276
   153 1277 - 1280 154 1281 17 etac' (3576) 155 1283 - 1288 17 etac (2980)
   156 1291 - 1292 18 etac (2980) 157 1299 - 1301 158 1303 - 1304 19 1p1
   (3526) 159 1306 - 1307 160 1309 - 1315 19 chi1 (3511) 161 1318 - 1319
   162 1320 163 1322 - 1323 165 1326 19 J/psi (3097) 168 1331 - 1332 169
   1333 - 1336 20 chi2 (3557.98) 170 1365 - 1366 (3556.77) 171 1368 - 1369
   (3556.07) 172 1371 - 1372 (3555.61) 173 1374 - 1375 (3554.64) 174 1379
   - 1380 20 1p1 (3526) 175 1383 - 1384 176 1385 - 1387 178 1390 - 1392 20
   chi1 (3511.25) 179 1394 (3509.88) 180 1396 21 1p1 (3526.83) 181 1403 -
   1404 182 1405 - 1407 183 1408 - 1412 21 1p1 (3525.69) 184 1414 185 1415
   - 1420 186 1422 - 1423 21 chi1 (3511.85) 187 1424 - 1425 chi1 (3510.83)
   188 1427 189 1430 chi1 (3509.24) 190 1431 - 1432 22 psi' (3686.08) 200
   2003 202 2005 - 2006 psi' (3686.27) 203 2007 psi' (3685.99) 204 2015
   psi' (3685.87) 205 2016 23 etac (2929.98) 207 2042 - 2043 208 2045 -
   2046 214 2049 24 etac (2973.75) 217 2052 218 2054 - 2056 221 2059 -
   2060 25 etac (2995.80) 223 2065 224 2068 - 2069 225 2075 - 2078 26 etac
   (2969.83) 226 2086 - 2092 27 etac (2950.29) 230 2098 - 2100 28 etac
   (2929.28) 231 2102 - 2104 29 etac (2930.32) 233 2107 - 2108 30 etac
   (3008.82) 235 2116 239 2120 - 2122 240 2125 - 2127 242 2130 - 2131 31
   etac (2985.65) 243 2139 - 2141 244 2143 32 etac (2975.18) 246 2147 248
   2150 - 2152 33 etac (3000.71) 249 2155 250 2156 - 2157 34 etac
   (2990.41) 251 2162 - 2165 35 etac (2951.06) 254 2175 - 2177 36 etac
   (3001.11) 255 2184 - 2186 37 etac (2989.97) 256 2189 - 2190 38 chi2
   (3556.19) 257 2192 - 2195 chi2 (3555.96) 258 2197 - 2199 chi2 (3555.59)
   259 2202 - 2203 39 psi' (3686.95) 261 2218 - 2219 psi' (3686.40) 262
   2221 - 2223 39 etac (2951.03) 263 2225 - 2227 264 2228 - 2230 40 psi'
   (3686.18) 265 2235 psi' (3686.35) 266 2239 psi' (3686.20) 267 2240 psi'
   (3686.01) 268 2242 - 2243 psi' (3685.75) 270 2245 271 2246 psi'
   (3685.60) 272 2247 psi' (3685.38) 273 2249 - 2250 psi' (3685.07) 274
   2253 40 etac (2966.39) 275 2259 - 2261 276 2262 - 2263
