http://www.cincinnati.feb.gov/Paytables.htm

              Cincinnati Federal Executive Board Graphic Header



                               Salary Table 2002-CIN

         INCORPORATING THE 3.60% GENERAL SCHEDULE INCREASE AND A LOCALITY
                                 PAYMENT OF 12.09%
            FOR THE LOCALITY PAY AREA OF CINCINNATI-HAMILTON, OH-KY-IN
                               (Net Increase: 4.84%)
                              Effective January 2002
                          Annual Rates by Grade and Step


   GS   1     2     3     4      5      6      7      8      9      10
   1  16541 17093 17643  18190  18741  19065  19607  20155  20177  20687
   2  18598 19038 19655  20177  20402  21001  21601  22201  22800  23400
   3  20292 20968 21643  22319  22995  23671  24347  25023  25699  26375
   4  22779 23538 24297  25055  25814  26573  27332  28091  28850  29609
   5  25486 26336 27185  28035  28884  29734  30584  31433  32283  33133
   6  28408 29355 30302  31250  32197  33144  34091  35038  35985  36933
   7  31569 32622 33674  34727  35779  36832  37884  38937  39989  41042
   8  34962 36128 37293  38459  39625  40791  41956  43122  44288  45454
   9  38616 39903 41190  42477  43763  45050  46337  47624  48910  50197
   10 42526 43944 45362  46780  48198  49616  51033  52451  53869  55287
   11 46724 48281 49837  51394  52951  54508  56065  57622  59179  60736
   12 55999 57865 59732  61598  63464  65331  67197  69063  70929  72796
   13 66592 68811 71030  73250  75469  77688  79908  82127  84347  86566
   14 78693 81316 83939  86562  89184  91807  94430  97053  99676 102299
   15 92564 95650 98736 101821 104907 107993 111079 114165 117251 120336


                               Salary Table 2002-CIN

         INCORPORATING THE 3.60% GENERAL SCHEDULE INCREASE AND A LOCALITY
                                 PAYMENT OF 12.09%
            FOR THE LOCALITY PAY AREA OF CINCINNATI-HAMILTON, OH-KY-IN
                               (Net Increase: 4.84%)
                              Effective January 2002
                      Hourly/Overtime Rates by Grade and Step


   GS B/O   1     2     3     4     5     6     7     8     9    10
   1  B    7.93  8.19  8.45  8.72  8.98  9.14  9.39  9.66  9.67  9.91
      O   11.90 12.29 12.68 13.08 13.47 13.71 14.09 14.49 14.51 14.87
   2  B    8.91  9.12  9.42  9.67  9.78 10.06 10.35 10.64 10.92 11.21
      O   13.37 13.68 14.13 14.51 14.67 15.09 15.53 15.96 16.38 16.82
   3  B    9.72 10.05 10.37 10.69 11.02 11.34 11.67 11.99 12.31 12.64
      O   14.58 15.08 15.56 16.04 16.53 17.01 17.51 17.99 18.47 18.96
   4  B   10.91 11.28 11.64 12.01 12.37 12.73 13.10 13.46 13.82 14.19
      O   16.37 16.92 17.46 18.02 18.56 19.10 19.65 20.19 20.73 21.29
   5  B   12.21 12.62 13.03 13.43 13.84 14.25 14.65 15.06 15.47 15.88
      O   18.32 18.93 19.55 20.15 20.76 21.38 21.98 22.59 23.21 23.82
   6  B   13.61 14.07 14.52 14.97 15.43 15.88 16.33 16.79 17.24 17.70
      O   20.42 21.11 21.78 22.46 23.15 23.82 24.50 25.19 25.86 26.55
   7  B   15.13 15.63 16.14 16.64 17.14 17.65 18.15 18.66 19.16 19.67
      O   22.70 23.45 24.21 24.96 25.71 26.48 27.23 27.99 28.74 29.51
   8  B   16.75 17.31 17.87 18.43 18.99 19.55 20.10 20.66 21.22 21.78
      O   25.13 25.97 26.81 27.65 28.49 29.33 30.15 30.57 30.57 30.57
   9  B   18.50 19.12 19.74 20.35 20.97 21.59 22.20 22.82 23.44 24.05
      O   27.75 28.68 29.61 30.53 30.57 30.57 30.57 30.57 30.57 30.57
   10 B   20.38 21.06 21.74 22.41 23.09 23.77 24.45 25.13 25.81 26.49
      O   30.57 30.57 30.57 30.57 30.57 30.57 30.57 30.57 30.57 30.57
   11 B   22.39 23.13 23.88 24.63 25.37 26.12 26.86 27.61 28.36 29.10
      O   30.57 30.57 30.57 30.57 30.57 30.57 30.57 30.57 30.57 30.57
   12 B   26.83 27.73 28.62 29.52 30.41 31.30 32.20 33.09 33.99 34.88
      O   30.57 30.57 30.57 30.57 30.57 30.57 30.57 30.57 30.57 30.57
   13 B   31.91 32.97 34.03 35.10 36.16 37.22 38.29 39.35 40.42 41.48
      O   30.57 30.57 30.57 30.57 30.57 30.57 30.57 30.57 30.57 30.57
   14 B   37.71 38.96 40.22 41.48 42.73 43.99 45.25 46.50 47.76 49.02
      O   30.57 30.57 30.57 30.57 30.57 30.57 30.57 30.57 30.57 30.57
   15 B   44.35 45.83 47.31 48.79 50.27 51.75 53.22 54.70 56.18 57.66
      O   30.57 30.57 30.57 30.57 30.57 30.57 30.57 30.57 30.57 30.57
