http://www.usatlas.bnl.gov/webalizer/

Usage Statistics for www.usatlas.bnl.gov

   Summary Period: Last 12 Months
   Generated 14-Oct-2001 04:03 EDT
     __________________________________________________________________

                    Usage summary for www.usatlas.bnl.gov

   Summary by Month
   Month Daily Avg Monthly Totals
   Hits Files Pages Visits Sites KBytes Visits Pages Files Hits
   Oct 2001 4835 3849 1169 318 832 247647 1274 4679 15398 19341
   Sep 2001 3323 2638 984 259 3485 1320000 7776 29543 79141 99696
   Aug 2001 2764 2118 849 241 3086 786483 7487 26349 65675 85686
   Jul 2001 2572 1964 662 205 2606 653064 6381 20527 60891 79732
   Jun 2001 2368 1650 433 193 2437 819732 5797 13012 49526 71060
   May 2001 2624 1786 448 205 2420 661404 6364 13912 55378 81358
   Apr 2001 2271 1596 403 157 2053 587286 4738 12097 47891 68131
   Mar 2001 1168 856 330 72 1033 221670 2233 10260 26562 36221
   Feb 2001 2008 1371 450 128 1778 654183 3607 12609 38397 56237
   Jan 2001 2088 1497 478 137 2257 481412 4248 14848 46421 64743
   Dec 2000 1560 1046 302 113 1447 396334 3508 9387 32456 48389
   Nov 2000 1844 1343 319 143 1245 393602 2732 6078 25532 35038
   Totals 7222818 56145 173301 543268 745632
     __________________________________________________________________

   Generated by Webalizer Version 1.30
