http://lnx21.wwb.noaa.gov/oberr/fcsterr.html

   ssi background error for selected points--version implemented 11-95

   background errors. surface pressure

   Latitude

           p-error(mb)

   -0.47

           0.83

   18.43

           1.27

   37.32

           2.12

   56.22

           2.78

   75.12

           3.00



   background errors. t..u..v..q:

   press(mb)

            latitude

                    t-err(K)

                            u-err(m/s)

                                      v-err(m/s)

                                                q-err(g/kg)

   982.08

            -0.47

                    1.07

                            2.59

                                      2.01

                                                .82

   942.55

            -0.47

                    1.10

                            2.91

                                      2.21

                                                .96

   883.84

            -0.47

                    0.96

                            2.68

                                      2.00

                                                1.11

   801.42

            -0.47

                    0.88

                            2.61

                                      2.07

                                                1.18

   694.26

            -0.47

                    0.86

                            2.74

                                      2.25

                                                1.10

   568.09

            -0.47

                    0.94

                            3.04

                                      2.42

                                                .77

   435.68

            -0.47

                    0.84

                            3.81

                                      2.92

                                                .47

   312.48

            -0.47

                    0.87

                            3.94

                                      3.08

                                                .18

   210.06

            -0.47

                    0.97

                            3.02

                                      2.66

                                                .04

   132.61

            -0.47

                    1.03

                            2.61

                                      2.40

                                                .006

   78.15

            -0.47

                    1.24

                            2.12

                                      1.96

                                                .0008

   41.79

            -0.47

                    1.16

                            1.94

                                      1.84

                                                .0002

   18.34

            -0.47

                    1.57

                            3.01

                                      2.11

                                                .0001

   2.73

            -0.47

                    1.93

                            3.01

                                      1.75

                                                .00008

   press(mb)

            latitude

                    t-err(K)

                            u-err(m/s)

                                      v-err(m/s)

                                                q-err(g/kg)

   982.08

            18.43

                    1.10

                            2.62

                                      2.16

                                                .84

   942.55

            18.43

                    1.13

                            2.95

                                      2.37

                                                .98

   883.84

            18.43

                    1.17

                            2.71

                                      2.15

                                                1.13

   801.42

            18.43

                    1.13

                            2.63

                                      2.21

                                                1.20

   694.26

            18.43

                    1.03

                            2.76

                                      2.39

                                                1.11

   568.09

            18.43

                    1.11

                            3.07

                                      2.58

                                                .77

   435.68

            18.43

                    1.04

                            3.86

                                      3.13

                                                .46

   312.48

            18.43

                    1.06

                            3.98

                                      3.29

                                                .17

   210.06

            18.43

                    1.16

                            3.03

                                      2.79

                                                .04

   132.61

            18.43

                    1.11

                            2.60

                                      2.49

                                                .006

   78.15

            18.43

                    1.25

                            2.13

                                      2.01

                                                .0008

   41.79

            18.43

                    1.18

                            1.95

                                      1.89

                                                .0002

   18.34

            18.43

                    1.54

                            3.02

                                      2.26

                                                .0001

   2.73

            18.43

                    2.03

                            3.02

                                      1.94

                                                .00007

   press(mb)

            latitude

                    t-err(K)

                            u-err(m/s)

                                      v-err(m/s)

                                                q-err(g/kg)

   982.08

            37.32

                    1.21

                            2.73

                                      2.56

                                                .83

   942.55

            37.32

                    1.24

                            3.03

                                      2.81

                                                .97

   883.84

            37.32

                    1.66

                            2.77

                                      2.56

                                                1.13

   801.42

            37.32

                    1.64

                            2.69

                                      2.54

                                                1.21

   694.26

            37.32

                    1.44

                            2.81

                                      2.68

                                                1.11

   568.09

            37.32

                    1.53

                            3.13

                                      2.94

                                                .75

   435.68

            37.32

                    1.48

                            3.93

                                      3.67

                                                .44

   312.48

            37.32

                    1.48

                            4.07

                                      3.81

                                                .16

   210.06

            37.32

                    1.58

                            3.10

                                      3.01

                                                .04

   132.61

            37.32

                    1.33

                            2.66

                                      2.62

                                                .005

   78.15

            37.32

                    1.35

                            2.21

                                      2.11

                                                .0008

   41.79

            37.32

                    1.25

                            2.04

                                      1.98

                                                .0002

   18.34

            37.32

                    1.66

                            3.16

                                      2.59

                                                .0001

   2.73

            37.32

                    2.50

                            3.18

                                      2.36

                                                .00008

   press(mb)

            latitude

                    t-err(K)

                            u-err(m/s)

                                      v-err(m/s)

                                                q-err(g/kg)

   982.08

            56.22

                    1.33

                            2.82

                                      2.82

                                                .79

   942.55

            56.22

                    1.35

                            3.07

                                      3.07

                                                .93

   883.84

            56.22

                    2.07

                            2.80

                                      2.81

                                                1.09

   801.42

            56.22

                    2.02

                            2.71

                                      2.72

                                                1.16

   694.26

            56.22

                    1.80

                            2.82

                                      2.82

                                                1.06

   568.09

            56.22

                    1.89

                            3.15

                                      3.14

                                                .71

   435.68

            56.22

                    1.83

                            3.96

                                      3.98

                                                .41

   312.48

            56.22

                    1.81

                            4.11

                                      4.12

                                                .16

   210.06

            56.22

                    1.93

                            3.10

                                      3.10

                                                .04

   132.61

            56.22

                    1.53

                            2.66

                                      2.65

                                                .005

   78.15

            56.22

                    1.46

                            2.22

                                      2.18

                                                .0008

   41.79

            56.22

                    1.34

                            2.09

                                      2.06

                                                .0002

   18.34

            56.22

                    1.86

                            3.36

                                      3.04

                                                .0001

   2.73

            56.22

                    3.15

                            3.34

                                      2.92

                                                .00009

   press(mb)

            latitude

                    t-err(K)

                            u-err(m/s)

                                      v-err(m/s)

                                                q-err(g/kg)

   982.08

            75.12

                    1.46

                            2.83

                                      2.87

                                                .76

   942.55

            75.12

                    1.48

                            3.03

                                      3.09

                                                .88

   883.84

            75.12

                    2.28

                            2.75

                                      2.82

                                                1.03

   801.42

            75.12

                    2.17

                            2.67

                                      2.73

                                                1.10

   694.26

            75.12

                    1.97

                            2.78

                                      2.83

                                                1.01

   568.09

            75.12

                    2.05

                            3.11

                                      3.18

                                                .68

   435.68

            75.12

                    1.98

                            3.90

                                      4.00

                                                .40

   312.48

            75.12

                    1.92

                            4.05

                                      4.14

                                                .15

   210.06

            75.12

                    2.06

                            3.06

                                      3.09

                                                .04

   132.61

            75.12

                    1.59

                            2.64

                                      2.64

                                                .005

   78.15

            75.12

                    1.52

                            2.22

                                      2.21

                                                .0008

   41.79

            75.12

                    1.39

                            2.12

                                      2.10

                                                .0002

   18.34

            75.12

                    2.01

                            3.45

                                      3.53

                                                .0001

   2.73

            75.12

                    3.64

                            3.40

                                      3.51

                                                .0001
