http://ohrm.cc.nih.gov/pay/2002/02gsDCB.htm

  2002 Locality Pay Scales for the Washington-Baltimore, DC-MD-VA-WV Table No.
                                    2002-DCB

    A Total Locality Payment of 11.48%
    2002 - 3.60% GS plus 1.17% locality = Net Increase: 4.77%

    Effective date: January 13, 2002

   ANNUAL

   GRADE

        Step 1

               Step 2

                      Step 3

                             Step 4

                                    Step 5

                                           Step 6

                                                  Step 7

                                                         Step 8

                                                                Step 9

                                                                       Step 10

   1

        $16,451

               $17,000

                      $17,547

                             $18,091

                                    $18,639

                                           $18,962

                                                  $19,500

                                                         $20,045

                                                                $20,068

                                                                       $20,575

   2

        $18,497

               18,935

                      19,548

                             20,068

                                    20,290

                                           20,887

                                                  21,483

                                                         22,080

                                                                22,676

                                                                       23,273

   3

        $20,181

               20,853

                      21,526

                             22,198

                                    22,870

                                           23,542

                                                  24,215

                                                         24,887

                                                                25,559

                                                                       26,231

   4

        $22,655

               23,410

                      24,164

                             24,919

                                    25,674

                                           26,429

                                                  27,183

                                                         27,938

                                                                28,693

                                                                       29,447

   5

        $25,347

               26,192

                      27,037

                             27,882

                                    28,727

                                           29,572

                                                  30,417

                                                         31,262

                                                                32,107

                                                                       32,952

   6

        $28,253

               29,195

                      30,138

                             31,080

                                    32,022

                                           32,964

                                                  33,906

                                                         34,848

                                                                35,790

                                                                       36,732

   7

        $31,397

               32,444

                      33,491

                             34,538

                                    35,584

                                           36,631

                                                  37,678

                                                         38,725

                                                                39,772

                                                                       40,818

   8

        $34,772

               35,931

                      37,091

                             38,250

                                    39,409

                                           40,569

                                                  41,728

                                                         42,887

                                                                44,047

                                                                       45,206

   9

        $38,406

               39,686

                      40,966

                             42,245

                                    43,525

                                           44,805

                                                  46,085

                                                         47,365

                                                                48,644

                                                                       49,924

   10

        $42,294

               43,705

                      45,115

                             46,525

                                    47,935

                                           49,346

                                                  50,756

                                                         52,166

                                                                53,576

                                                                       54,986

   11

        $46,469

               48,018

                      49,566

                             51,115

                                    52,663

                                           54,212

                                                  55,760

                                                         57,309

                                                                58,857

                                                                       60,405

   12

        $55,694

               57,550

                      59,407

                             61,263

                                    63,119

                                           64,975

                                                  66,831

                                                         68,687

                                                                70,543

                                                                       72,400

   13

        $66,229

               68,436

                      70,644

                             72,851

                                    75,058

                                           77,266

                                                  79,473

                                                         81,680

                                                                83,888

                                                                       86,095

   14

        $78,265

               80,873

                      83,482

                             86,090

                                    88,699

                                           91,308

                                                  93,916

                                                         96,525

                                                                99,134

                                                                       101,742

   15

        $92,060

               95,129

                      98,198

                             101,267

                                    104,336

                                           107,405

                                                  110,474

                                                         113,543

                                                                116,613

                                                                       119,682


   HOURLY

   GRADE

        Step 1

              Step 2

                    Step 3

                          Step 4

                                Step 5

                                      Step 6

                                            Step 7

                                                  Step 8

                                                        Step 9

                                                              Step 10

   1

        $7.88

              $8.15

                    $8.41

                          $8.67

                                $8.93

                                      $9.09

                                            $9.34

                                                  $9.60

                                                        $9.62

                                                              $9.86

   2

        $8.86

              9.07

                    9.37

                          9.62

                                9.72

                                      10.01

                                            10.29

                                                  10.58

                                                        10.87

                                                              11.15

   3

        $9.67

              9.99

                    10.31

                          10.64

                                10.96

                                      11.28

                                            11.60

                                                  11.92

                                                        12.25

                                                              12.57

   4

        $10.86

              11.22

                    11.58

                          11.94

                                12.30

                                      12.66

                                            13.02

                                                  13.39

                                                        13.75

                                                              14.11

   5

        $12.15

              12.55

                    12.95

                          13.36

                                13.76

                                      14.17

                                            14.57

                                                  14.98

                                                        15.38

                                                              15.79

   6

        $13.54

              13.99

                    14.44

                          14.89

                                15.34

                                      15.79

                                            16.25

                                                  16.70

                                                        17.15

                                                              17.60

   7

        $15.04

              15.55

                    16.05

                          16.55

                                17.05

                                      17.55

                                            18.05

                                                  18.56

                                                        19.06

                                                              19.56

   8

        $16.66

              17.22

                    17.77

                          18.33

                                18.88

                                      19.44

                                            19.99

                                                  20.55

                                                        21.11

                                                              21.66

   9

        $18.40

              19.02

                    19.63

                          20.24

                                20.86

                                      21.47

                                            22.08

                                                  22.70

                                                        23.31

                                                              23.92

   10

        $20.27

              20.94

                    21.62

                          22.29

                                22.97

                                      23.64

                                            24.32

                                                  25.00

                                                        25.67

                                                              26.35

   11

        $22.27

              23.01

                    23.75

                          24.49

                                25.23

                                      25.98

                                            26.72

                                                  27.46

                                                        28.20

                                                              28.94

   12

        $26.69

              27.58

                    28.47

                          29.35

                                30.24

                                      31.13

                                            32.02

                                                  32.91

                                                        33.80

                                                              34.69

   13

        $31.73

              32.79

                    33.85

                          34.91

                                35.96

                                      37.02

                                            38.08

                                                  39.14

                                                        40.20

                                                              41.25

   14

        $37.50

              38.75

                    40.00

                          41.25

                                42.50

                                      43.75

                                            45.00

                                                  46.25

                                                        47.50

                                                              48.75

   15

        $44.11

              45.58

                    47.05

                          48.52

                                49.99

                                      51.46

                                            52.93

                                                  54.40

                                                        55.88

                                                              57.35

   Last Updated on 12/31/2001
