http://newsbulletin.lanl.gov/wusage/NEWSBULL/index.html

                            Web Server Statistics

                             Calendar of Reports
     __________________________________________________________________

                                    2000

   Note: the italicized numbers in the shaded column at the left of each
   calendar row indicate the number of weeks elapsed since the beginning
   of the year.
   Quarter 1
   January

   00                01 02
   01 03 04 05 06 07 08 09
   02 10 11 12 13 14 15 16
   03 17 18 19 20 21 22 23
   04 24 25 26 27 28 29 30
   05 31
   February

   05    01 02 03 04 05 06
   06 07 08 09 10 11 12 13
   07 14 15 16 17 18 19 20
   08 21 22 23 24 25 26 27
   09 28 29
   March

   09       01 02 03 04 05
   10 06 07 08 09 10 11 12
   11 13 14 15 16 17 18 19
   12 20 21 22 23 24 25 26
   13 27 28 29 30 31
   Quarter 2
   April
   13                01 02
   14 03 04 05 06 07 08 09
   15 10 11 12 13 14 15 16
   16 17 18 19 20 21 22 23
   17 24 25 26 27 28 29 30
   May
   18 01 02 03 04 05 06 07
   19 08 09 10 11 12 13 14
   20 15 16 17 18 19 20 21
   21 22 23 24 25 26 27 28
   22 29 30 31
   June
   22          01 02 03 04
   23 05 06 07 08 09 10 11
   24 12 13 14 15 16 17 18
   25 19 20 21 22 23 24 25
   26 26 27 28 29 30
   Quarter 3
   July
   26                01 02
   27 03 04 05 06 07 08 09
   28 10 11 12 13 14 15 16
   29 17 18 19 20 21 22 23
   30 24 25 26 27 28 29 30
   31 31
   August
   31    01 02 03 04 05 06
   32 07 08 09 10 11 12 13
   33 14 15 16 17 18 19 20
   34 21 22 23 24 25 26 27
   35 28 29 30 31
   September
   35             01 02 03
   36 04 05 06 07 08 09 10
   37 11 12 13 14 15 16 17
   38 18 19 20 21 22 23 24
   39 25 26 27 28 29 30
   Quarter 4
   October
   39                   01
   40 02 03 04 05 06 07 08
   41 09 10 11 12 13 14 15
   42 16 17 18 19 20 21 22
   43 23 24 25 26 27 28 29
   44 30 31
   November
   44       01 02 03 04 05
   45 06 07 08 09 10 11 12
   46 13 14 15 16 17 18 19
   47 20 21 22 23 24 25 26
   48 27 28 29 30
   December
   48             01 02 03
   49 04 05 06 07 08 09 10
   50 11 12 13 14 15 16 17
   51 18 19 20 21 22 23 24
   52 25 26 27 28 29 30 31

                                    1999

   Note: the italicized numbers in the shaded column at the left of each
   calendar row indicate the number of weeks elapsed since the beginning
   of the year.
   Quarter 1
   January
   00             01 02 03
   01 04 05 06 07 08 09 10
   02 11 12 13 14 15 16 17
   03 18 19 20 21 22 23 24
   04 25 26 27 28 29 30 31
   February
   05 01 02 03 04 05 06 07
   06 08 09 10 11 12 13 14
   07 15 16 17 18 19 20 21
   08 22 23 24 25 26 27 28
   March
   09 01 02 03 04 05 06 07
   10 08 09 10 11 12 13 14
   11 15 16 17 18 19 20 21
   12 22 23 24 25 26 27 28
   13 29 30 31
   Quarter 2
   April
   13          01 02 03 04
   14 05 06 07 08 09 10 11
   15 12 13 14 15 16 17 18
   16 19 20 21 22 23 24 25
   17 26 27 28 29 30
   May
   17                01 02
   18 03 04 05 06 07 08 09
   19 10 11 12 13 14 15 16
   20 17 18 19 20 21 22 23
   21 24 25 26 27 28 29 30
   22 31
   June
   22    01 02 03 04 05 06
   23 07 08 09 10 11 12 13
   24 14 15 16 17 18 19 20
   25 21 22 23 24 25 26 27
   26 28 29 30
   Quarter 3
   July
   26          01 02 03 04
   27 05 06 07 08 09 10 11
   28 12 13 14 15 16 17 18
   29 19 20 21 22 23 24 25
   30 26 27 28 29 30 31
   August
   30                   01
   31 02 03 04 05 06 07 08
   32 09 10 11 12 13 14 15
   33 16 17 18 19 20 21 22
   34 23 24 25 26 27 28 29
   35 30 31
   September
   35       01 02 03 04 05
   36 06 07 08 09 10 11 12
   37 13 14 15 16 17 18 19
   38 20 21 22 23 24 25 26
   39 27 28 29 30
   Quarter 4
   October
   39             01 02 03
   40 04 05 06 07 08 09 10
   41 11 12 13 14 15 16 17
   42 18 19 20 21 22 23 24
   43 25 26 27 28 29 30 31
   November
   44 01 02 03 04 05 06 07
   45 08 09 10 11 12 13 14
   46 15 16 17 18 19 20 21
   47 22 23 24 25 26 27 28
   48 29 30
   December
   48       01 02 03 04 05
   49 06 07 08 09 10 11 12
   50 13 14 15 16 17 18 19
   51 20 21 22 23 24 25 26
   52 27 28 29 30 31

                                    1998

   Note: the italicized numbers in the shaded column at the left of each
   calendar row indicate the number of weeks elapsed since the beginning
   of the year.
   Quarter 1
   January
   00          01 02 03 04
   01 05 06 07 08 09 10 11
   02 12 13 14 15 16 17 18
   03 19 20 21 22 23 24 25
   04 26 27 28 29 30 31
   February
   04                   01
   05 02 03 04 05 06 07 08
   06 09 10 11 12 13 14 15
   07 16 17 18 19 20 21 22
   08 23 24 25 26 27 28
   March
   08                   01
   09 02 03 04 05 06 07 08
   10 09 10 11 12 13 14 15
   11 16 17 18 19 20 21 22
   12 23 24 25 26 27 28 29
   13 30 31
   Quarter 2
   April
   13       01 02 03 04 05
   14 06 07 08 09 10 11 12
   15 13 14 15 16 17 18 19
   16 20 21 22 23 24 25 26
   17 27 28 29 30
   May
   17             01 02 03
   18 04 05 06 07 08 09 10
   19 11 12 13 14 15 16 17
   20 18 19 20 21 22 23 24
   21 25 26 27 28 29 30 31
   June
   22 01 02 03 04 05 06 07
   23 08 09 10 11 12 13 14
   24 15 16 17 18 19 20 21
   25 22 23 24 25 26 27 28
   26 29 30
   Quarter 3
   July
   26       01 02 03 04 05
   27 06 07 08 09 10 11 12
   28 13 14 15 16 17 18 19
   29 20 21 22 23 24 25 26
   30 27 28 29 30 31
   August
   30                01 02
   31 03 04 05 06 07 08 09
   32 10 11 12 13 14 15 16
   33 17 18 19 20 21 22 23
   34 24 25 26 27 28 29 30
   35 31
   September
   35    01 02 03 04 05 06
   36 07 08 09 10 11 12 13
   37 14 15 16 17 18 19 20
   38 21 22 23 24 25 26 27
   39 28 29 30
   Quarter 4
   October
   39          01 02 03 04
   40 05 06 07 08 09 10 11
   41 12 13 14 15 16 17 18
   42 19 20 21 22 23 24 25
   43 26 27 28 29 30 31
   November
   43                   01
   44 02 03 04 05 06 07 08
   45 09 10 11 12 13 14 15
   46 16 17 18 19 20 21 22
   47 23 24 25 26 27 28 29
   48 30
   December
   48    01 02 03 04 05 06
   49 07 08 09 10 11 12 13
   50 14 15 16 17 18 19 20
   51 21 22 23 24 25 26 27
   52 28 29 30 31

                           Produced by Wusage 7.0
