http://www.lecb.ncifcrf.gov/LECBlabPicnic98/toc.html

  LECB Lab Picnic, Gambrill State Park, August 1998

   Click on a slide to have it displayed in the viewer to the right.
    1. 101
    2. 102
    3. 103
    4. 104
    5. 106
    6. 107
    7. 108
    8. 109
    9. 111
   10. 112
   11. 113
   12. 114
   13. 115
   14. 116
   15. 117
   16. 118
   17. 119
   18. 201
   19. 202
   20. 203
   21. 204
   22. 205
   23. 206
   24. 207
   25. 208
   26. 209
   27. 210
   28. 211
   29. 213
   30. 214
   31. 216
   32. 217
   33. 218
   34. 219
   35. 220
   36. 301
   37. 302
   38. 303
   39. 304
   40. 305
   41. 306
   42. 307
   43. 308
   44. 309
   45. 310
   46. 311
   47. 312
   48. 313
   49. 314
   50. 315
   51. 316
   52. 317
   53. 318
   54. 319
   55. 320
   56. 321
   57. 322
