http://ntalpha.bfa.nsf.gov/NSFHist.htm

   CAPTION: NSF Funding History By Account
   (Estimated Dollars in Millions)

   Fiscal Year

                                                                      R&RA

                                                                       EHR
   ARI MRE OIG S&E

                                                                       NSF

   51
   0.0 0.0 0.0   0.0 0.1 0.2

   52
   1.4 1.5 0.0   0.0 0.5 3.5

   53
   2.1 1.4 0.0   0.0 0.9 4.4

   54
   4.5 1.9 0.0   0.0 1.5 8.0

   55
   8.9 2.1 0.0   0.0 1.5 12.5

   56
   10.8 3.5 0.0   0.0 1.7 16.0

   57
   22.0 14.3 0.0   0.0 2.4 38.6

   58
   27.4 19.2 0.0   0.0 2.9 49.5

   59
   66.3 61.3 0.0   0.0 5.3 132.9

   60
   88.4 63.7 0.0   0.0 6.5 158.6

   61
   104.0 63.4 0.0   0.0 7.6 175.0

   62
   173.3 78.6 0.0   0.0 9.0 260.8

   63
   218.9 91.0 0.0   0.0 10.9 320.8

   64
   239.9 102.6 0.0   0.0 12.1 354.6

   65
   282.4 120.4 0.0   0.0 13.1 416.0

   66
   328.6 124.3 0.0   0.0 13.1 466.0

   67
   327.7 123.4 0.0   0.0 14.0 465.1

   68
   350.2 134.7 0.0   0.0 15.4 500.3

   69
   292.9 123.1 0.0   0.0 16.5 432.5

   70
   316.4 126.4 0.0   0.0 19.7 462.5

   71
   369.4 105.0 0.0   0.0 21.8 496.1

   72
   482.4 93.7 0.0   0.0 24.6 600.7

   73
   519.4 62.2 0.0   0.0 28.6 610.3

   74
   533.3 80.7 0.0   0.0 31.7 645.7

   75
   581.2 74.0 0.0   0.0 37.9 693.1

   76
   619.7 62.5 0.0   0.0 42.2 724.4

   77
   672.0 74.3 0.0   0.0 45.5 791.8

   78
   734.7 73.9 0.0   0.0 48.7 857.3

   79
   791.8 80.4 0.0   0.0 54.8 926.9

   80
   836.8 80.1 0.0   0.0 58.2 975.1

   81
   900.4 75.7 0.0   0.0 59.2 1,035.3

   82
   909.8 26.2 0.0   0.0 63.2 999.1

   83
   1,013.0 23.0 0.0   0.0 65.7 1,101.7

   84
   1,177.7 63.0 0.0   0.0 66.3 1,306.9

   85
   1,344.6 90.6 0.0   0.0 72.0 1,507.1

   86
   1,329.6 91.7 0.0   0.0 71.8 1,493.2

   87
   1,440.0 109.9 0.0   0.0 77.8 1,627.6

   88
   1,481.3 156.8 0.0   0.0 84.5 1,722.6

   89
   1,600.5 194.1 0.0   0.0 91.3 1,885.9

   90
   1,696.6 230.4 0.4   2.3 96.4 2,026.1

   91
   1,868.5 331.9 39.0   2.9 101.2 2,343.5

   92
   1,940.5 459.4 33.4   3.9 110.0 2,547.1

   93
   2,046.3 505.1 49.8 34.1 3.7 110.8 2,749.7

   94
   2,168.4 569.0 105.4 17.0 3.9 123.5 2,987.2

   95
   2,281.5 611.9 117.5 126.0 4.5 129.0 3,270.3

   96
   2,327.8 601.2 70.9 70.0 4.0 132.5 3,206.3

   97
   2,433.9 619.1 30.0 76.1 5.3 134.3 3,298.8

   98
   2,572.6 633.2 0.0 78.2 4.8 136.9 3,425.729

   99
   2,821.6 662.7 0.0 56.7 5.4 144.1 3,690.541

   2000 CP
   2,958.5 723.9 0.0 93.5 5.5 148.9 3,930.180

   2001 Request
   3,540.7 760.0 0.0 138.5 6.3 157.9 4,603.400


   FY 88 to current appear to exclude carryover.
   * MRE became an account in FY 1995, but the money was broken out in
   budget books starting with the FY 1993 Actuals.
     __________________________________________________________________

   Last Updated on 11/15/2000
